44  54  5
54	52	4
52	45	8
45	44	2
44	46	5
46	47	2
47	53	3
53	54	2
46	31	6
31	33	4
33	38	1
42	38	2
47	48	3
48	39	4
39	40	6
40	34	5
34	31	4
40	41	3
41	49	6
48	49	6
49	50	1
50	37	2
34	37	2
55	56	3
56	57	4
57	50	5
50	51	6
51	58	2
58	57	7
37	43	6
43	51	9
37	29	3
29	43	4
45	36	1
36	30	2
30	35	4
38	35	3
36	32	6
32	26	6
26	30	5
26	13	2
13	19	5
30	28	6
28	24	6
24	19	4
28	22	3
22	20	1
20	38	2
31	20	1
13	14	2
14	22	3
14	10	4
10	17	1
17	20	1
13	10	2
10	5	1
17  5	4
20  2	4
5 2 1
2 1 1
1 7	1
7 8	3
8 16  1
16  20 2
31  25 1
25  16 1
25  21 5
21  27 2
27  37 3
8 18  1
18  21  5
7 4 7
4 9 5
18  15 4
15  9 1
15  12 4
12  3 3
4 3 1
3 6	3
6 11	2
12	11	5
11	23	6
23	27	6
55	49	5
23	29	4
53	56	3
38	44	3
42	45	1
42	44	2
59	3  3
59	1  6
