44  54  5
54	52	1
52	45	1
45	44	1
44	46	1
46	47	1
47	53	1
53	54	1
46	31	1
31	33	1
33	38	1
42	38	1
47	48	1
48	39	1
39	40	1
40	34	1
34	31	1
40	41	1
41	49	1
48	49	1
49	50	1
50	37	1
34	37	1
55	56	1
56	57	1
57	50	1
50	51	1
51	58	1
58	57	1
37	43	1
43	51	1
37	29	1
29	43	1
45	36	1
36	30	1
30	35	1
38	35	1
36	32	1
32	26	1
26	30	1
26	13	1
13	19	1
30	28	1
28	24	1
24	19	1
28	22	1
22	20	1
20	38	1
31	20	1
13	14	1
14	22	1
14	10	1
10	17	1
17	20	1
13	10	1
10	5	1
17  5	1
20  2	1
5 2 1
2 1 1
1 7	1
7 8	1
8 16  1
16  20 1
31  25 1
25  16 1
25  21 1
21  27 1
27  37 1
8 18  1
18  21  1
7 4 1
4 9 1
18  15 1
15  9 1
15  12 1
12  3 1
4 3 1
3 6	1
6 11	1
12	11	1
11	23	1
23	27	1
55	49	1
23	29	1
53	56	1
38	44	1
42	45	1
42	44	1
59	3  1
59	1  1
